salinity,temperature,pressure
34.7178,26.640699,4.03
34.712799,26.6171,5.93
34.7132,26.571501,7.93
34.708401,26.549,9.93
34.711399,26.4646,11.93
34.717899,26.427999,13.93
34.718102,26.422701,15.93
34.718201,26.416901,17.93
34.7183,26.4132,19.93
34.718102,26.411301,21.93
34.718102,26.409201,23.93
34.7183,26.4063,25.93
34.718201,26.4046,27.93
34.718201,26.403099,29.93
34.718201,26.402201,31.93
34.718201,26.4014,33.93
34.718201,26.4009,35.93
34.718201,26.4004,37.93
34.718201,26.3993,39.93
34.7183,26.3985,41.93
34.718201,26.398001,43.93
34.718102,26.396999,45.93
34.718201,26.3967,47.93
34.717999,26.3957,49.93
34.717999,26.3951,51.93
34.717701,26.3946,53.93
34.7174,26.3939,55.93
34.7173,26.392,57.93
34.716999,26.3916,59.93
34.716202,26.388901,61.93
34.7159,26.383101,63.93
34.715401,26.3799,65.93
34.714802,26.373501,67.93
34.713402,26.368601,69.93
34.712399,26.3578,71.93
34.7118,26.3524,73.93
34.709599,26.3473,75.93
34.708599,26.3349,77.93
34.708,26.3253,79.93
34.706699,26.320601,81.93
34.704601,26.313801,83.93
34.7024,26.3067,85.93
34.700298,26.299601,87.93
34.696602,26.292299,89.93
34.630501,25.954399,92.029999
34.652901,25.979401,93.730003
34.559299,24.258301,96.330002
34.566299,24.2085,97.830002
34.561401,24.184099,99.93
34.509701,23.983299,102.230003
34.534698,23.844101,103.93
34.549301,23.731701,105.43
34.476501,22.0259,107.93
34.483898,21.695101,109.93
34.502102,21.313299,111.93
34.538399,21.0865,113.93
34.539299,21.0438,116.029999
34.524101,20.987,117.629997
34.481499,20.688601,119.830002
34.5098,20.4487,121.93
34.534599,20.2558,123.93
34.5056,20.1891,125.93
34.498699,19.9228,127.93
34.517399,19.7138,129.929993
34.5121,19.5583,131.929993
34.522099,19.376801,133.929993
34.521198,19.319,135.929993
34.5159,19.257799,137.929993
34.510502,19.205999,139.929993
34.498402,19.114201,141.929993
34.5023,18.955299,144.029999
34.475601,18.656601,145.729996
34.423698,18.169901,147.829987
34.409199,17.997299,149.929993
34.412601,17.838699,151.929993
34.377201,17.763,153.829987
34.344299,17.532499,155.929993
34.339699,17.2449,157.929993
34.335999,16.9813,159.929993
34.339802,16.830999,161.929993
34.325001,16.708799,163.929993
34.320999,16.555401,165.929993
34.3246,16.4296,167.929993
34.310001,16.361,169.929993
34.2719,16.2495,171.929993
34.2635,16.002001,173.929993
34.226002,15.8108,175.929993
34.201,15.4742,177.929993
34.2477,15.1085,179.929993
34.246498,15.0086,181.929993
34.233601,14.9221,183.929993
34.224201,14.78,185.929993
34.218201,14.6529,187.929993
34.197899,14.4824,190.029999
34.2094,14.1065,192.029999
34.2174,13.9439,193.829987
34.207298,13.8935,195.829987
34.1866,13.8192,197.829987
34.208099,13.6597,199.929993
34.202599,13.6384,201.929993
34.182999,13.6237,203.929993
34.128502,13.5994,205.929993
34.0742,13.3314,207.929993
34.126999,12.9423,209.929993
34.1399,12.7851,211.929993
34.121498,12.7052,213.929993
34.096699,12.5864,216.029999
34.134602,12.3544,217.929993
34.1311,12.3122,219.929993
34.1208,12.274,221.929993
34.098701,12.2033,223.929993
34.095501,12.0769,225.929993
34.074799,11.9352,227.929993
34.074699,11.7108,229.929993
34.1008,11.5041,231.929993
34.111,11.3507,233.929993
34.121601,11.1868,235.929993
34.096901,11.1172,237.929993
34.106201,10.9463,239.929993
34.0947,10.8902,242.12999
34.0863,10.7242,243.829987
34.0947,10.6022,245.929993
34.097401,10.5237,247.929993
34.1026,10.4625,249.929993
34.108398,10.4134,251.929993
34.1175,10.3739,253.929993
34.1353,10.3418,255.929993
34.147499,10.3353,257.929993
34.157398,10.3336,259.929993
34.158199,10.3385,261.929993
34.164501,10.3294,263.929993
34.172401,10.324,265.929993
34.178398,10.3134,267.929993
34.174301,10.3036,269.929993
34.173599,10.2493,271.929993
34.184101,10.2006,273.929993
34.185902,10.1717,275.929993
34.186401,10.1429,277.929993
34.181099,10.1139,279.929993
34.171001,10.0618,281.929993
34.1572,9.9744,283.929993
34.1637,9.8491,285.929993
34.162399,9.7442,287.929993
34.1688,9.6713,289.929993
34.1562,9.6333,291.929993
34.158901,9.5406,293.829987
34.1572,9.4958,295.929993
34.1665,9.4368,297.929993
34.157799,9.4263,299.829987
34.148499,9.3449,301.929993
34.165298,9.2304,303.929993
34.1749,9.1948,305.929993
34.177502,9.1784,307.929993
34.186501,9.1679,309.929993
34.187401,9.1546,311.929993
34.189701,9.1329,313.929993
34.194302,9.1061,315.929993
34.193401,9.0758,317.929993
34.191399,9.0356,319.929993
34.189499,8.9823,321.929993
34.185299,8.9307,323.929993
34.177799,8.8873,325.929993
34.171101,8.8312,327.929993
34.150799,8.7793,329.929993
34.166801,8.6429,331.929993
34.191898,8.5675,333.929993
34.194199,8.5652,335.929993
34.1968,8.5642,337.929993
34.204399,8.5509,339.929993
34.2075,8.5468,341.929993
34.213501,8.5412,343.929993
34.218399,8.5427,345.929993
34.222301,8.5461,347.929993
34.220001,8.5493,349.929993
34.227901,8.5232,351.929993
34.233398,8.5093,353.929993
34.240501,8.493,355.929993
34.243301,8.4882,358.029999
34.243,8.4882,359.929993
34.2425,8.4817,361.929993
34.239201,8.4636,363.929993
34.244202,8.4258,365.929993
34.2383,8.3785,367.929993
34.259201,8.305,369.929993
34.263901,8.2884,371.929993
34.264801,8.273,373.929993
34.262501,8.2476,375.929993
34.273201,8.1922,377.929993
34.284199,8.1465,379.929993
34.274601,8.1229,381.929993
34.287498,8.0424,383.929993
34.2925,8.0092,385.929993
34.293201,7.9822,387.929993
34.287998,7.9598,389.929993
34.281601,7.9299,391.929993
34.273602,7.8911,393.929993
34.277199,7.8044,395.929993
34.2924,7.7578,397.929993
34.289501,7.7502,399.929993
34.2841,7.7396,401.929993
34.277599,7.7147,403.929993
34.287601,7.6628,405.929993
34.287701,7.646,407.929993
34.289299,7.6211,409.929993
34.289299,7.5984,411.929993
34.294498,7.5557,413.929993
34.294201,7.5353,415.929993
34.303398,7.5012,417.929993
34.305302,7.4948,419.929993
34.3027,7.486,421.929993
34.292599,7.4726,423.929993
34.289001,7.4282,425.929993
34.288101,7.3796,427.929993
34.298698,7.3286,429.929993
34.303799,7.3168,431.929993
34.312401,7.3114,433.929993
34.3158,7.3454,435.929993
34.305698,7.3551,437.929993
34.310299,7.3111,439.929993
34.310699,7.2835,441.929993
34.317699,7.2328,443.929993
34.337502,7.2113,445.929993
34.342499,7.2139,447.929993
34.343201,7.2212,449.929993
34.346901,7.2171,451.929993
34.352901,7.2179,453.929993
34.364498,7.2239,455.929993
34.359501,7.1946,457.929993
34.356098,7.1435,459.929993
34.3634,7.0693,461.929993
34.3918,7.0202,463.929993
34.407501,7.0333,465.929993
34.432701,7.1011,467.929993
34.430801,7.1556,469.929993
34.430199,7.184,471.929993
34.430099,7.1825,473.929993
34.4263,7.1773,475.929993
34.421398,7.1649,477.929993
34.413101,7.1262,480.029999
34.418701,7.0558,481.929993
34.414501,7.0274,483.929993
34.4114,6.9633,485.929993
34.4095,6.9269,487.929993
34.405899,6.8783,489.929993
34.406399,6.8393,491.929993
34.409698,6.8041,493.929993
34.415199,6.787,495.929993
34.417801,6.7856,497.929993
34.417999,6.7854,499.929993
34.418499,6.7838,501.929993
34.419201,6.7827,503.929993
34.420502,6.7798,505.929993
34.419102,6.7781,507.929993
34.422001,6.7639,509.929993
34.4231,6.7582,511.929993
34.422401,6.7545,513.929993
34.4226,6.748,515.929993
34.421299,6.7426,517.929993
34.424301,6.7318,519.929993
34.426399,6.731,521.929993
34.424,6.7296,523.929993
34.422401,6.7197,525.929993
34.425598,6.6918,527.929993
34.433701,6.6716,529.929993
34.437401,6.6659,531.929993
34.439301,6.6646,533.929993
34.440102,6.6652,535.929993
34.441399,6.6673,537.929993
34.442299,6.6689,539.929993
34.442299,6.6696,541.929993
34.443901,6.6701,543.929993
34.443199,6.6702,545.929993
34.443699,6.662,547.929993
34.442699,6.6578,549.929993
34.4398,6.6513,551.929993
34.444,6.6304,553.929993
34.4492,6.6151,555.929993
34.451401,6.6099,557.929993
34.452801,6.6061,559.929993
34.456699,6.6055,561.929993
34.460899,6.611,563.929993
34.459301,6.6144,565.929993
34.459801,6.6073,567.929993
34.461201,6.5983,569.929993
34.462101,6.5927,571.929993
34.461498,6.5886,573.929993
34.461899,6.5824,575.929993
34.4613,6.5798,577.929993
34.4613,6.5754,579.929993
34.462002,6.5699,581.929993
34.462601,6.5619,583.929993
34.4636,6.5534,585.929993
34.464699,6.5471,587.929993
34.463001,6.5447,589.929993
34.460098,6.5371,591.929993
34.464001,6.5223,593.929993
34.4617,6.5225,595.929993
34.453999,6.5217,597.929993
34.458401,6.4947,599.929993
34.453999,6.489,601.929993
34.4487,6.4671,603.929993
34.452099,6.4315,605.929993
34.4585,6.3968,607.929993
34.4604,6.3743,609.929993
34.463902,6.3525,611.929993
34.465801,6.3363,613.929993
34.463902,6.3205,615.929993
34.470901,6.2939,617.929993
34.469898,6.2862,619.929993
34.471298,6.2724,621.929993
34.471199,6.2663,623.929993
34.471401,6.2597,625.929993
34.4729,6.2524,627.929993
34.4715,6.2434,629.929993
34.4729,6.2275,631.929993
34.4739,6.2124,633.929993
34.4753,6.2047,635.929993
34.470901,6.2032,637.929993
34.4702,6.1778,639.929993
34.4734,6.1545,641.929993
34.475399,6.1301,643.929993
34.48,6.1127,645.929993
34.483101,6.1063,647.929993
34.483299,6.0994,649.929993
34.483898,6.091,651.929993
34.483601,6.0852,653.929993
34.481998,6.0773,655.929993
34.486099,6.0595,657.929993
34.4884,6.0476,659.929993
34.487801,6.042,661.929993
34.4879,6.0343,663.929993
34.487301,6.0272,665.929993
34.488098,6.0161,667.929993
34.488998,6.0082,669.929993
34.4888,6.0035,671.929993
34.487,5.9985,673.929993
34.486301,5.9917,675.929993
34.485001,5.9821,677.929993
34.484699,5.9704,679.929993
34.4851,5.9634,681.929993
34.4809,5.961,683.929993
34.479698,5.9438,685.929993
34.479198,5.9256,687.929993
34.483299,5.9076,689.929993
34.481998,5.9036,691.929993
34.4837,5.8956,693.929993
34.482201,5.893,695.929993
34.4814,5.8874,697.929993
34.479801,5.8792,699.929993
34.483002,5.8639,701.929993
34.4879,5.8542,703.929993
34.488098,5.8531,705.929993
34.489498,5.8483,707.929993
34.489101,5.8466,709.929993
34.4884,5.8453,711.929993
34.4874,5.8389,713.929993
34.4916,5.827,715.929993
34.4911,5.827,717.929993
34.4888,5.8264,719.929993
34.4855,5.8194,721.929993
34.491001,5.7982,723.929993
34.493599,5.7858,725.929993
34.496899,5.7781,727.929993
34.4963,5.7778,729.929993
34.496899,5.7766,731.929993
34.495998,5.7765,733.929993
34.495701,5.7743,735.929993
34.495998,5.7694,737.929993
34.4981,5.7634,739.929993
34.4963,5.76,741.929993
34.493801,5.753,743.929993
34.4911,5.7386,745.929993
34.497101,5.713,747.929993
34.499001,5.704,749.929993
34.499298,5.7007,751.929993
34.497299,5.699,753.929993
34.493099,5.6973,755.929993
34.486198,5.6861,757.929993
34.495499,5.6502,759.929993
34.497898,5.6367,761.929993
34.498901,5.6299,763.929993
34.497398,5.6267,765.929993
34.4949,5.6221,767.929993
34.494202,5.6091,769.929993
34.498798,5.5908,771.929993
34.500702,5.5843,773.929993
34.4981,5.5828,775.929993
34.499802,5.5677,777.929993
34.501099,5.5583,779.929993
34.497898,5.5509,781.929993
34.5009,5.5323,783.929993
34.501499,5.5191,785.929993
34.504799,5.5074,787.929993
34.503101,5.5036,789.929993
34.5014,5.495,791.929993
34.505299,5.4784,793.929993
34.505699,5.4738,795.929993
34.504002,5.4699,797.929993
34.504799,5.4609,799.929993
34.503601,5.4555,801.929993
34.502899,5.4471,803.929993
34.500801,5.4381,805.929993
34.499802,5.4178,807.929993
34.507401,5.3964,809.929993
34.5065,5.394,811.929993
34.506901,5.3878,813.929993
34.506699,5.3822,815.929993
34.505798,5.3782,817.929993
34.502499,5.3747,819.929993
34.500801,5.3586,821.929993
34.503502,5.3383,824.029968
34.502602,5.3279,825.929993
34.4958,5.3133,827.929993
34.5033,5.2769,829.929993
34.507099,5.2645,831.929993
34.505299,5.2622,833.929993
34.506001,5.2553,835.929993
34.504501,5.2459,837.929993
34.507702,5.2316,839.929993
34.505901,5.2245,841.929993
34.5042,5.2115,843.929993
34.505798,5.1943,845.929993
34.507702,5.1843,847.929993
34.508999,5.1766,849.929993
34.509701,5.1733,851.929993
34.509998,5.1707,853.929993
34.509998,5.1702,855.929993
34.511299,5.1676,857.929993
34.5121,5.1681,859.929993
34.511501,5.1734,861.929993
34.511902,5.1663,863.929993
34.5149,5.1551,865.929993
34.514801,5.1534,867.929993
34.514,5.1498,869.929993
34.5144,5.1394,871.929993
34.5163,5.1292,873.929993
34.5159,5.1231,875.929993
34.517101,5.1117,877.929993
34.5186,5.1049,879.929993
34.518101,5.1004,881.929993
34.516602,5.0941,883.929993
34.517899,5.0839,885.929993
34.516998,5.0768,887.929993
34.514801,5.0707,889.929993
34.512299,5.053,891.929993
34.516998,5.0373,893.929993
34.513199,5.0331,895.929993
34.511299,5.0209,897.929993
34.511101,5.0089,899.929993
34.5075,5.0042,901.929993
34.497799,5.0009,903.929993
34.489498,4.9662,905.929993
34.490299,4.9287,907.929993
34.488098,4.8917,909.929993
34.4902,4.8632,911.929993
34.488602,4.844,913.929993
34.497601,4.813,915.929993
34.4991,4.8086,917.929993
34.498699,4.8059,919.929993
34.498199,4.8043,921.929993
34.499298,4.8009,923.929993
34.499699,4.7989,925.929993
34.500599,4.797,927.929993
34.5,4.7943,929.929993
34.499901,4.787,931.929993
34.503101,4.767,933.929993
34.510399,4.7598,935.929993
34.508598,4.7641,937.929993
34.507702,4.7625,939.929993
34.505501,4.7588,941.929993
34.507,4.7435,943.929993
34.507599,4.7295,945.929993
34.5112,4.7149,947.929993
34.510799,4.7112,949.929993
34.509399,4.7068,951.929993
34.5079,4.6995,953.929993
34.5075,4.6859,955.929993
34.5093,4.6703,957.929993
34.509399,4.6595,959.929993
34.5065,4.6505,961.929993
34.506001,4.6302,963.929993
34.506302,4.6099,965.929993
34.502998,4.5926,967.929993
34.506302,4.5691,969.929993
34.505402,4.5482,971.929993
34.510502,4.5339,973.929993
34.509102,4.5317,975.929993
34.509201,4.5238,977.929993
34.511501,4.5141,980.029968
34.5126,4.5119,982.029968
34.513,4.5105,983.929993
34.512901,4.5118,985.929993
34.509102,4.5042,987.929993
34.511299,4.4856,989.929993
34.511299,4.479,991.929993
34.512501,4.4656,993.929993
34.513802,4.4585,995.929993
34.514599,4.456,997.929993
34.510799,4.4536,999.929993
34.512699,4.4357,1001.929993
34.513302,4.426,1003.929993
34.512299,4.4186,1005.929993
34.512798,4.4047,1007.929993
34.5159,4.394,1009.929993
34.515499,4.392,1011.929993
34.514702,4.3885,1013.929993
34.5131,4.3836,1015.929993
34.5126,4.3745,1017.929993
34.5145,4.3593,1019.929993
34.5154,4.3491,1021.929993
34.517502,4.3402,1023.929993
34.517101,4.3367,1025.930054
34.5172,4.3308,1027.930054
34.519798,4.3239,1029.930054
34.5191,4.3232,1031.930054
34.519402,4.3218,1033.930054
34.518902,4.3194,1035.930054
34.5233,4.3142,1037.930054
34.5205,4.3223,1039.930054
34.521099,4.3126,1041.930054
34.5205,4.3107,1043.930054
34.517101,4.3,1045.930054
34.523102,4.2865,1047.930054
34.521,4.2894,1049.930054
34.520199,4.2833,1051.930054
34.5173,4.2751,1053.930054
34.521599,4.2549,1055.930054
34.519699,4.2457,1057.930054
34.523602,4.2286,1059.930054
34.524899,4.2237,1061.930054
34.522598,4.2237,1063.930054
34.520901,4.2202,1065.930054
34.5182,4.2126,1067.930054
34.524502,4.1955,1069.930054
34.521999,4.1978,1071.930054
34.517799,4.1902,1073.930054
34.523399,4.1698,1075.830078
34.5252,4.1615,1077.930054
34.523701,4.1579,1079.930054
34.523899,4.152,1081.930054
34.521999,4.1464,1083.930054
34.5228,4.1362,1085.930054
34.525501,4.124,1087.930054
34.526299,4.1184,1089.930054
34.5275,4.1139,1091.930054
34.526501,4.1118,1093.930054
34.5257,4.1082,1095.930054
34.5266,4.1014,1097.930054
34.527199,4.0962,1099.930054
34.528,4.0905,1101.930054
34.527401,4.0885,1103.930054
34.5266,4.0863,1105.930054
34.523701,4.0849,1107.930054
34.520699,4.0754,1109.930054
34.5266,4.0581,1111.930054
34.526798,4.0517,1113.930054
34.525398,4.0449,1115.930054
34.525501,4.0341,1117.930054
34.528999,4.0212,1119.930054
34.531799,4.0111,1121.930054
34.533199,4.006,1123.930054
34.535599,4.0016,1125.930054
34.534698,4.0023,1127.930054
34.534801,4.0021,1129.930054
34.534801,4.0012,1131.930054
34.534302,4.0012,1133.930054
34.534,4.0009,1135.930054
34.5327,4.0005,1137.930054
34.531399,3.9993,1139.930054
34.530399,3.9956,1141.930054
34.529099,3.9902,1143.930054
34.5294,3.9831,1145.930054
34.527901,3.9754,1147.930054
34.531898,3.9618,1149.930054
34.533699,3.9553,1151.930054
34.5313,3.9514,1153.930054
34.535198,3.9399,1155.930054
34.535999,3.9355,1157.930054
34.536201,3.9311,1159.930054
34.537701,3.9269,1161.930054
34.5368,3.9267,1163.930054
34.535301,3.9242,1165.930054
34.5378,3.9175,1167.930054
34.538399,3.9137,1169.930054
34.5392,3.912,1171.930054
34.539101,3.912,1173.930054
34.537498,3.9127,1175.930054
34.535198,3.9123,1177.930054
34.535702,3.9054,1179.930054
34.537601,3.899,1181.930054
34.5368,3.8977,1183.830078
34.534302,3.8954,1185.930054
34.534599,3.8881,1187.930054
34.537601,3.877,1189.930054
34.537998,3.8741,1191.930054
34.5345,3.8738,1193.930054
34.533699,3.8653,1195.930054
34.535099,3.8528,1197.930054
34.540001,3.8395,1199.930054
34.538502,3.8373,1201.930054
34.5387,3.8311,1203.930054
34.5373,3.8271,1205.930054
34.533501,3.8224,1207.930054
34.538601,3.8029,1209.930054
34.542198,3.7929,1211.930054
34.5434,3.7881,1213.930054
34.5429,3.7868,1215.930054
34.541901,3.7858,1217.930054
34.540798,3.7838,1219.930054
34.539001,3.7813,1221.930054
34.5345,3.7766,1223.930054
34.5368,3.7605,1225.930054
34.5354,3.7495,1227.930054
34.541599,3.7291,1229.930054
34.542,3.7197,1231.930054
34.5438,3.7078,1233.930054
34.543701,3.7009,1235.930054
34.5415,3.6925,1237.930054
34.5448,3.6709,1239.930054
34.548,3.6587,1241.930054
34.545101,3.6546,1243.930054
34.547001,3.6387,1245.930054
34.551201,3.6274,1247.930054
34.550301,3.6259,1249.930054
34.5485,3.6211,1251.930054
34.550201,3.6113,1253.930054
34.551899,3.6028,1255.930054
34.553001,3.5974,1257.930054
34.552502,3.595,1259.930054
34.551899,3.5914,1261.930054
34.552101,3.5857,1263.930054
34.552299,3.5804,1265.930054
34.550701,3.575,1267.930054
34.552502,3.5652,1269.930054
34.553699,3.5577,1271.930054
34.553699,3.5523,1273.930054
34.553501,3.548,1275.930054
34.552101,3.5438,1277.930054
34.551601,3.5341,1279.930054
34.554401,3.5208,1281.930054
34.553101,3.5164,1283.930054
34.5536,3.5064,1285.930054
34.553001,3.4974,1287.930054
34.555401,3.4842,1289.930054
34.5574,3.4747,1291.930054
34.558601,3.4684,1293.930054
34.5583,3.4647,1295.930054
34.5574,3.4616,1297.930054
34.5578,3.4541,1299.930054
34.559601,3.4467,1301.930054
34.559299,3.4439,1303.930054
34.558701,3.4412,1305.930054
34.5564,3.437,1307.930054
34.557899,3.4271,1309.930054
34.557999,3.4168,1311.930054
34.561298,3.4078,1313.930054
34.561798,3.4048,1315.930054
34.560299,3.4034,1317.930054
34.559399,3.3985,1319.930054
34.5592,3.3912,1321.930054
34.561901,3.3795,1323.930054
34.564201,3.3745,1325.930054
34.564098,3.3727,1327.930054
34.563999,3.371,1329.930054
34.563999,3.3687,1331.930054
34.563202,3.3675,1333.930054
34.563,3.3636,1335.930054
34.560902,3.3619,1337.930054
34.564899,3.3504,1339.930054
34.564499,3.3494,1341.930054
34.564602,3.3463,1343.930054
34.564098,3.3436,1345.930054
34.564999,3.3391,1347.930054
34.5662,3.3349,1349.930054
34.565899,3.3338,1351.930054
34.5653,3.3324,1353.930054
34.566399,3.3289,1355.930054
34.564899,3.3287,1357.930054
34.564098,3.3254,1359.930054
34.5639,3.3207,1361.930054
34.564499,3.3148,1363.930054
34.565601,3.3086,1365.930054
34.565899,3.3058,1367.930054
34.565399,3.3019,1369.930054
34.566002,3.2976,1371.930054
34.564602,3.2945,1373.930054
34.568001,3.2846,1375.930054
34.568199,3.283,1377.930054
34.5686,3.2789,1379.930054
34.569698,3.2749,1381.930054
34.568802,3.2729,1383.930054
34.566399,3.2693,1385.930054
34.5653,3.2616,1387.930054
34.568001,3.2479,1389.930054
34.568501,3.24,1391.930054
34.5709,3.2276,1393.930054
34.573101,3.2188,1395.930054
34.576,3.2118,1397.930054
34.575401,3.2099,1399.930054
34.575199,3.2079,1401.930054
34.575699,3.2052,1403.930054
34.5742,3.205,1405.930054
34.571899,3.204,1407.930054
34.570999,3.1978,1409.930054
34.572399,3.1877,1411.930054
34.5756,3.1782,1413.930054
34.575802,3.1736,1415.930054
34.576401,3.1686,1417.930054
34.576199,3.1646,1419.930054
34.574501,3.1601,1421.930054
34.575199,3.1499,1423.930054
34.575802,3.1405,1425.930054
34.5788,3.1304,1427.930054
34.580002,3.1252,1429.930054
34.579601,3.1243,1431.930054
34.578602,3.1222,1433.930054
34.577801,3.1183,1435.930054
34.577301,3.1126,1437.930054
34.578098,3.1042,1439.930054
34.5774,3.0998,1441.930054
34.575699,3.093,1443.930054
34.576599,3.0815,1445.930054
34.5784,3.0695,1447.930054
34.5788,3.0627,1449.930054
34.578999,3.0552,1451.930054
34.579201,3.0485,1453.830078
34.577801,3.0413,1455.930054
34.578899,3.0305,1457.930054
34.5802,3.0199,1459.930054
34.5793,3.0138,1461.930054
34.577801,3.0029,1463.930054
34.584099,2.9843,1465.930054
34.5858,2.9799,1467.930054
34.584202,2.98,1469.930054
34.581799,2.977,1471.930054
34.583302,2.9663,1473.930054
34.5867,2.957,1475.930054
34.586498,2.9552,1477.930054
34.585999,2.9529,1479.930054
34.584801,2.9505,1481.930054
34.582699,2.9472,1483.930054
34.582001,2.9381,1485.930054
34.586498,2.9215,1487.930054
34.589001,2.9152,1489.930054
34.588501,2.914,1491.930054
34.5881,2.9113,1493.930054
34.587898,2.9074,1495.930054
34.5868,2.9051,1497.930054
34.5867,2.8986,1499.930054
34.5877,2.8908,1501.930054
34.5891,2.8846,1503.930054
34.588501,2.8808,1505.930054
34.587898,2.8755,1507.930054
34.589901,2.8664,1509.930054
34.591999,2.8607,1511.930054
34.592098,2.859,1513.930054
34.5919,2.8576,1515.930054
34.591,2.8563,1517.930054
34.589901,2.8542,1519.930054
34.59,2.8467,1521.930054
34.593399,2.8394,1523.930054
34.592602,2.8391,1525.930054
34.5909,2.8385,1527.930054
34.5896,2.8339,1529.930054
34.591599,2.8249,1531.930054
34.592602,2.8194,1533.930054
34.592098,2.8156,1535.930054
34.593399,2.8095,1537.930054
34.593498,2.8063,1539.930054
34.5928,2.8041,1541.930054
34.590599,2.8019,1543.930054
34.59,2.7942,1545.930054
34.592701,2.7824,1547.930054
34.592499,2.7782,1549.930054
34.590302,2.7723,1551.930054
34.591999,2.7613,1553.930054
34.595501,2.7498,1555.930054
34.596401,2.7444,1557.930054
34.597198,2.7406,1559.930054
34.596298,2.7386,1561.930054
34.596802,2.7346,1563.930054
34.594799,2.7329,1565.930054
34.5942,2.7261,1567.930054
34.597198,2.7169,1569.930054
34.597698,2.7135,1571.930054
34.597301,2.7114,1573.930054
34.594898,2.7098,1575.930054
34.5947,2.7031,1577.930054
34.597698,2.6926,1579.930054
34.598801,2.6879,1581.930054
34.598701,2.6849,1583.930054
34.5989,2.6808,1585.930054
34.6003,2.6757,1587.930054
34.599998,2.6728,1589.930054
34.6007,2.6689,1591.930054
34.6008,2.6656,1593.930054
34.600899,2.6635,1595.930054
34.599998,2.6619,1597.930054
34.600601,2.6567,1599.930054
34.6021,2.6523,1601.930054
34.602798,2.6502,1603.930054
34.602501,2.6494,1605.930054
34.602501,2.6483,1607.930054
34.601799,2.6461,1609.930054
34.602901,2.642,1611.930054
34.603298,2.6402,1613.930054
34.602798,2.6395,1615.930054
34.601501,2.6382,1617.930054
34.6021,2.632,1619.930054
34.603298,2.6276,1621.930054
34.603298,2.6249,1623.930054
34.602699,2.6231,1625.930054
34.601398,2.6192,1627.930054
34.601398,2.612,1629.930054
34.604198,2.6004,1631.930054
34.605701,2.5952,1633.930054
34.6054,2.5933,1635.930054
34.605,2.5901,1637.930054
34.605701,2.5836,1639.930054
34.6078,2.5789,1641.930054
34.608002,2.5782,1643.930054
34.608101,2.5777,1645.930054
34.607899,2.5775,1647.930054
34.607899,2.5772,1649.930054
34.607498,2.5773,1651.930054
34.606701,2.5766,1653.930054
34.6059,2.5751,1655.930054
34.605099,2.5717,1657.930054
34.604401,2.5665,1659.930054
34.607399,2.5573,1661.930054
34.607399,2.5543,1663.930054
34.606998,2.5522,1665.930054
34.6068,2.5481,1667.930054
34.6073,2.5432,1669.830078
34.6082,2.5385,1671.930054
34.6091,2.535,1673.930054
34.609001,2.534,1675.930054
34.6082,2.5321,1677.930054
34.609001,2.5281,1679.930054
34.609798,2.5253,1681.930054
34.609699,2.5243,1683.930054
34.6091,2.5233,1685.930054
34.608501,2.5216,1687.930054
34.6063,2.5184,1689.930054
34.607601,2.5077,1691.930054
34.6105,2.4986,1693.930054
34.610901,2.495,1695.930054
34.612499,2.4913,1697.930054
34.612598,2.4906,1699.930054
34.612701,2.49,1701.930054
34.612701,2.4895,1703.930054
34.612598,2.4894,1705.930054
34.612,2.4893,1707.930054
34.611198,2.4881,1709.930054
34.612099,2.4841,1711.930054
34.612301,2.482,1713.930054
34.612499,2.4794,1715.930054
34.6133,2.476,1717.930054
34.6134,2.474,1719.930054
34.6138,2.4711,1721.930054
34.6129,2.4702,1723.930054
34.6115,2.4674,1725.930054
34.610699,2.4628,1727.930054
34.6096,2.456,1729.930054
34.611301,2.4458,1731.930054
34.612499,2.4388,1733.930054
34.614101,2.4304,1735.930054
34.614601,2.4261,1737.930054
34.615299,2.4211,1739.930054
34.616798,2.4167,1741.930054
34.616798,2.4148,1743.930054
34.617001,2.4131,1745.930054
34.616501,2.4117,1747.930054
34.616402,2.4092,1749.930054
34.615898,2.4068,1751.930054
34.616798,2.4025,1753.930054
34.6161,2.4004,1755.930054
34.6147,2.3981,1757.930054
34.615898,2.3891,1759.930054
34.6185,2.383,1761.930054
34.618999,2.3809,1763.930054
34.619099,2.379,1765.930054
34.6189,2.3775,1767.930054
34.618698,2.3748,1769.930054
34.618301,2.3722,1771.930054
34.619701,2.3662,1773.930054
34.619598,2.3649,1775.930054
34.619202,2.3609,1777.930054
34.620998,2.3553,1779.930054
34.621399,2.3527,1781.930054
34.622398,2.3503,1783.930054
34.622501,2.3498,1785.930054
34.622299,2.3492,1787.930054
34.622299,2.3483,1789.930054
34.622501,2.347,1791.930054
34.6227,2.3463,1793.930054
34.622299,2.3462,1795.930054
34.621899,2.3452,1797.930054
34.621201,2.3442,1799.930054
34.619701,2.3411,1801.930054
34.621799,2.3347,1803.930054
34.6222,2.3319,1805.930054
34.620998,2.3304,1807.930054
34.621899,2.3225,1809.930054
34.624401,2.3183,1811.930054
34.624699,2.3173,1813.930054
34.624599,2.3167,1815.930054
34.624599,2.3159,1817.930054
34.623798,2.3157,1819.930054
34.6227,2.3139,1821.930054
34.622898,2.3097,1823.930054
34.624001,2.3056,1825.930054
34.623798,2.3043,1827.930054
34.623901,2.3028,1829.930054
34.623299,2.3017,1831.930054
34.6231,2.2998,1833.930054
34.623501,2.2965,1835.930054
34.6231,2.2946,1837.930054
34.622898,2.2922,1839.930054
34.623001,2.2888,1841.930054
34.623798,2.2844,1843.930054
34.625,2.2814,1845.930054
34.624699,2.2809,1847.930054
34.623798,2.2797,1849.930054
34.6241,2.2769,1851.930054
34.623299,2.2749,1853.930054
34.622299,2.272,1855.930054
34.623001,2.2655,1857.930054
34.625801,2.2589,1859.930054
34.625599,2.2578,1861.930054
34.625,2.2561,1863.930054
34.624802,2.2535,1865.930054
34.625599,2.2493,1867.930054
34.625999,2.2468,1869.930054
34.626202,2.2441,1871.930054
34.6273,2.2414,1873.930054
34.6273,2.2403,1875.930054
34.627499,2.2393,1877.930054
34.626999,2.2391,1879.930054
34.6269,2.2378,1881.930054
34.6269,2.2364,1883.930054
34.6259,2.2358,1885.930054
34.626701,2.2308,1887.930054
34.6287,2.2272,1889.930054
34.628502,2.227,1891.930054
34.6287,2.2262,1893.930054
34.628601,2.2261,1895.930054
34.628601,2.2258,1897.930054
34.628101,2.2258,1899.930054
34.627701,2.2252,1901.930054
34.627399,2.2234,1903.930054
34.627701,2.2208,1905.930054
34.627899,2.2187,1907.930054
34.628201,2.2168,1909.930054
34.6283,2.2148,1911.930054
34.6283,2.2131,1913.930054
34.628601,2.2105,1915.930054
34.629501,2.2079,1917.930054
34.629799,2.2071,1919.930054
34.629299,2.207,1921.930054
34.6292,2.2062,1923.930054
34.6283,2.2057,1925.930054
34.628601,2.2026,1927.930054
34.629601,2.1996,1929.930054
34.6301,2.1976,1931.930054
34.6301,2.1969,1933.930054
34.630199,2.1961,1935.930054
34.629501,2.196,1937.930054
34.629002,2.1945,1939.930054
34.629501,2.1918,1941.930054
34.630001,2.1889,1943.930054
34.630199,2.1877,1945.930054
34.629002,2.1876,1947.930054
34.628101,2.1847,1949.930054
34.630199,2.1782,1951.930054
34.631599,2.1757,1953.930054
34.6301,2.1764,1955.930054
34.6311,2.1732,1957.930054
34.632301,2.1713,1959.930054
34.631401,2.1717,1961.930054
34.631001,2.1712,1963.930054
34.6301,2.1707,1965.930054
34.629002,2.1681,1967.930054
34.6315,2.1613,1969.930054
34.631901,2.1596,1971.930054
34.632,2.1579,1973.930054
34.632099,2.1558,1975.930054
34.632702,2.154,1977.930054
34.632,2.1539,1979.930054
34.630901,2.1537,1981.930054
34.6306,2.1501,1983.930054
34.632099,2.1456,1985.930054
34.6325,2.1438,1987.930054
34.631901,2.1425,1989.930054
34.632801,2.1389,1991.930054
34.632599,2.1374,1993.930054
34.6339,2.1345,1995.930054
34.6334,2.1342,1997.930054
34.632999,2.1341,1999.930054
34.632801,2.133,2001.930054
34.632198,2.1319,2003.930054
34.632801,2.1302,2005.930054
34.631401,2.1304,2007.930054
34.628799,2.1302,2009.730103
